187 178 228
71 189 115
31 78 105
106 59 166
31 116 139
200 35 37
50 34 163
201 144 75
158 185 229
10 235 50
199 151 64
191 234 141
139 86 35
50 4 2
189 245 10
52 132 177
143 131 128
31 118 125
160 50 231
237 235 156
36 242 226
11 192 218
156 161 191
57 160 38
215 101 179
183 98 207
251 36 155
167 36 31
149 115 11
148 72 92
89 33 9
248 110 49
30 48 84
107 236 217
107 254 151
116 33 189
216 241 157
231 117 33
130 69 243
115 132 40
96 4 91
119 248 61
108 44 218
17 53 15
240 42 64
252 197 189
195 47 66
243 41 241
139 145 237
156 194 143
227 201 210
136 13 50
241 136 11
159 63 198
1 70 158
98 205 185
98 185 52
2 120 165
200 248 93
81 51 130
39 26 125
20 220 209
48 182 180
12 143 55
117 9 104
87 151 175
166 43 78
155 44 202
171 87 234
50 118 146
134 207 91
180 150 2
27 56 190
196 187 24
192 194 72
178 59 235
78 27 235
115 84 155
141 122 156
12 128 121
88 105 124
198 221 130
135 200 153
44 242 60
57 33 249
60 126 231
180 114 48
247 2 188
164 101 1
203 61 50
34 0 17
254 0 27
194 78 59
181 76 33
250 84 33
107 242 227
12 146 8
73 123 56
116 171 162
95 1 89
251 58 110
77 181 210
5 108 89
7 62 250
190 7 219
39 177 1
253 181 113
232 246 189
252 91 145
128 230 21
223 213 185
81 160 117
110 143 134
119 223 194
129 228 253
95 80 166
84 34 208
51 58 9
232 67 205
234 168 193
188 64 97
163 116 11
50 105 128
101 81 218
209 82 105
43 21 74
61 79 195
175 65 107
3 35 235
73 96 16
120 234 124
17 235 240
216 191 17
221 88 210
238 25 223
84 167 141
200 62 219
82 143 29
32 20 76
87 95 81
50 162 31
200 58 203
14 194 248
182 189 186
184 129 60
5 26 137
177 239 191
67 141 162
100 46 59
31 5 124
147 153 53
42 163 180
179 16 16
89 224 172
179 15 137
28 65 142
173 120 250
169 10 110
194 82 80
52 27 89
4 239 34
202 169 102
82 118 8
76 147 168
117 97 39
203 220 231
63 245 219
243 2 121
254 245 193
28 219 100
74 129 238
18 243 183
134 89 99
249 138 254
98 198 211
59 23 192
5 214 69
32 125 134
106 175 70
231 155 196
121 37 231
45 193 74
109 9 42
131 238 203
150 243 133
118 226 83
210 97 189
84 75 184
167 151 149
240 118 220
227 90 222
140 114 46
108 86 56
185 27 88
31 50 231
230 29 184
60 7 102
70 90 79
63 229 5
213 117 88
154 95 22
220 243 42
30 151 104
229 74 153
218 27 57
5 61 149
125 210 63
14 200 78
151 250 142
244 73 66
100 84 234
92 139 233
6 164 136
126 102 98
222 28 11
78 51 111
74 23 214
240 150 221
22 104 220
172 74 41
30 172 125
107 107 160
151 152 85
156 232 0
74 157 206
106 23 114
85 154 103
37 211 170
185 144 176
68 10 72
242 248 184
30 4 136
152 201 3
241 118 187
183 229 157
39 54 127
248 182 123
157 126 126
232 218 98
26 10 206
71 54 98
119 110 154
249 61 35
79 193 180
71 80 191
41 151 154
179 223 53
63 33 88
223 70 115
123 128 238
249 139 66
187 232 240
220 155 40
235 198 33
23 66 132
63 205 187
